-38.930233 -6.961429 49.640386 
41.100858 -9.549837 50.809820 
-18.772992 33.489858 40.954154 
21.603057 29.910256 42.504438 
-16.824507 45.919003 -14.718588 
18.178536 46.617854 -15.494483 
-33.758997 31.489204 34.130783 
37.391850 31.750784 32.814263 
-30.885135 49.141892 -10.986486 
32.894581 51.274877 -12.141872 
-48.795761 11.491329 17.801541 
49.927091 13.675482 20.195854 
-45.890075 28.666667 12.582839 
50.061367 28.901906 12.817294 
-36.240237 29.492308 -13.459172 
40.910369 30.994728 -13.258348 
-47.406061 -9.775758 12.638384 
52.381668 -7.537190 13.329827 
-5.690731 3.550070 60.064276 
8.246310 -1.093210 60.512864 
-8.264286 13.864286 -12.685714 
10.124567 14.664360 -12.560554 
-5.173797 47.887032 29.636364 
8.750703 49.528585 28.926898 
-5.438108 52.517385 -8.856745 
7.834112 50.406542 -8.516355 
-5.441315 35.706573 -19.568075 
8.002685 34.451007 -19.436242 
-35.410118 5.440258 2.172228 
38.722034 5.020339 0.813559 
-4.364286 34.195714 12.535714 
8.117289 35.722772 14.432597 
-5.882535 -16.100979 40.214323 
7.664094 -10.197004 38.437585 
-5.205184 -44.172786 23.278618 
7.176119 -43.086567 20.471642 
-25.255365 -21.963519 -11.384120 
28.945032 -20.991543 -11.577167 
-21.492843 -17.292434 -21.918200 
25.148410 -16.300353 -21.743816 
-23.509091 -1.945455 -18.454545 
27.056452 -0.572581 -18.806452 
-7.482728 -79.821081 5.103632 
15.709833 -74.449221 8.019344 
-6.256881 -81.424640 25.838794 
13.189607 -80.589888 26.852528 
-14.858234 -68.864916 -6.007637 
16.077391 -68.141739 -5.215652 
-16.756955 -85.610542 26.853587 
23.963199 -82.206653 29.265393 
-32.617125 -82.021407 14.767584 
37.127741 -80.993327 18.067684 
-36.482465 -79.568544 -9.164718 
37.870576 -83.191102 -8.992922 
-31.389610 -41.405195 -21.606061 
33.659253 -40.198570 -21.533757 
-42.904419 -23.775437 47.456835 
41.158253 -26.772692 51.253989 
-23.713317 -60.807748 57.657143 
25.842484 -60.428443 60.713771 
-43.106661 -47.019207 45.422967 
46.291450 -47.588104 48.191822 
-56.146497 -34.936306 29.119427 
57.262411 -32.817629 33.134752 
-44.434783 -62.081841 34.283035 
45.228311 -61.238584 37.315068 
-7.590703 -57.324830 46.640023 
9.688821 -57.313936 42.360796 
-7.974796 -26.650852 68.692365 
7.126794 -32.942584 66.791866 
-11.767152 9.723493 8.070686 
14.494970 10.776660 8.148893 
-24.208127 2.600595 1.070367 
27.484962 3.678571 1.193609 
-18.061433 -1.358362 -1.044369 
20.921429 -1.057143 -1.085714 
-11.198182 -18.843636 6.607273 
12.703879 -18.768212 6.728477 
-42.346667 -20.035556 8.675556 
45.879518 -18.144578 9.044177 
-53.435540 -22.009582 5.840592 
57.832537 -23.010506 5.418656 
-40.154086 13.867704 -21.436576 
47.937220 13.457399 -18.189836 
-55.868879 -34.984217 -3.584783 
57.159900 -38.565661 -2.775232 
-36.744371 13.300662 -35.366887 
44.040438 13.246841 -33.518113 
-50.036250 -29.291875 -24.519375 
53.382064 -32.138881 -23.730672 
-35.385325 -67.943143 -30.262774 
38.214502 -68.371601 -30.849698 
-27.768743 -74.579725 -39.443506 
32.673595 -70.396788 -41.201701 
-8.117647 -38.367647 -19.779412 
13.062802 -35.710145 -20.599034 
-14.343111 -44.663111 -18.261333 
17.888502 -44.164925 -19.354239 
-22.525384 -60.258560 -23.480519 
25.429526 -59.537604 -24.940390 
-31.589744 -61.049573 -46.752137 
33.928839 -64.408240 -49.760300 
-25.029147 -55.771065 -49.054584 
25.772964 -57.630849 -50.798094 
-10.253165 -50.188723 -47.235903 
10.190358 -50.751545 -47.624227 
-21.791667 -35.000000 -43.069444 
26.805031 -35.018868 -42.641509 
1.509434 -40.113208 -21.358491 
2.052632 -41.289474 -12.719298 
1.834586 -53.593985 -7.401504 
1.768194 -68.350404 -16.393531 
1.865979 -73.195876 -26.350515 
1.810700 -65.654321 -35.349794 
1.609195 -56.172414 -36.298851 
1.142857 -47.125000 -32.875000 
