0
0.248399 
0.187338 
0.0552124 
0.0494095 
0.0119995 
0.23929 
0.322887 
0.419547 
0.200539 
0.30562 
0.127359 
0.101384 
0.154335 
0.112206 
0.103518 
0.186334 
0.236165 
0.0945419 
0.0401482 
0.0576133 
0.0624567 
0.0668808 
0.0757644 
0.0892318 
0.144082 
0.146271 
0.0803167 
0.0582759 
0.0603824 
0.0325836 
0.116503 
0.141739 
0.161916 
0.197413 
0.259463 
0.0994814 
0.0968187 
0.101078 
0.101186 
0.0942548 
0.153144 
0.0465067 
0.105626 
0.0652194 
0.074039 
0.0683268 
0.0731826 
0.0794063 
0.0564964 
0.0879901 
0.0479322 
0.12746 
0.137964 
0.168098 
0.175121 
0.161289 
0.0781268 
0.149419 
0.0998489 
0.0807096 
0.0552653 
0.195096 
0.270074 
0.220081 
0.0931275 
0.120428 
0.088268 
0.278986 
0.130112 
0.078475 
0.085096 
0.163385 
0.166912 
0.0594867 
0.0973087 
0.0693526 
0.214965 
0.224603 
0.164228 
0.0822026 
0.0543285 
0.147741 
0.0970653 
0.233136 
0.26194 
0.107619 
0.0304377 
0.062633 
0.147086 
0.176036 
0.186891 
0.16688 
0.0884899 
0.0643541 
0.0678489 
0.119639 
0.18629 
0.111656 
0.0547908 
0.0566419 
0.107666 
0.167524 
0.11969 
0.120244 
0.113328 
0.0472324 
0.0424374 
0.114759 
0.121899 
0.0961663 
0.0989891 
0.0919328 
0.123097 
0.0895419 
0.0598029 
0.0835381 
0.0522603 
0.0634714 
0.106756 
0.144199 
0.16908 
0.0962272 
0.0418105 
0.029467 
0.0684649 
0.111528 
0.123102 
0.160329 
0.120624 
0.154351 
0.0608894 
0.398449 
0.220746 
0.211249 
0.100023 
0.22791 
0.161037 
0.220721 
0.128588 
0.193524 
0.140858 
0.06084 
0.0767875 
0.0680085 
0.209411 
0.117 
0.131277 
0.0880169 
0.0602181 
0.101572 
0.13614 
0.118988 
0.182518 
0.113967 
0.132328 
0.0504265 
0.0769465 
0.477893 
0.526616 
0.266942 
0.143671 
0.120086 
0.322366 
0.14836 
0.0657504 
0.209127 
0.108007 
0.164097 
0.114055 
0.0704251 
0.169185 
0.183327 
0.310839 
0.140519 
0.210734 
0.0865555 
0.158759 
0.135802 
0.132223 
0.13527 
0.142237 
0.652921 
0.611165 
0.226976 
0.176339 
0.085361 
0.262155 
0.205191 
0.235097 
0.270858 
0.195077 
1.41603 
0.584662 
0.328163 
0.173064 
0.0906141 
0.329287 
0.102099 
0.335563 
0.176238 
0.17173 
0.214181 
0.202034 
0.456336 
0.280608 
0.113218 
0.23358 
0.257208 
0.142101 
0.0993025 
0.1567 
0.0648846 
0.101245 
0.131728 
0.123274 
0.223542 
0.212644 
0.217617 
0.244865 
0.0614764 
0.268819 
0.294679 
0.08572 
0.218726 
0.179327 
0.137247 
0.0746498 
0.109561 
0.228264 
0.23458 
0.167897 
0.11715 
0.282426 
0.189546 
0.0604079 
0.499937 
0.587547 
0.15492 
0.0641676 
0.106613 
0.0536325 
0.084269 
0.125224 
0.201098 
0.12277 
0.0241742 
0.0978087 
0.266501 
0.325905 
0.108628 
0.0556205 
0.165085 
0.219485 
0.0924299 
0.0960668 
0.110556 
0.0801244 
0.186161 
0.124179 
0.0877455 
0.0944199 
0.0806221 
0.0797684 
0.0772379 
0.0501567 
0.0751308 
0.0644326 
0.214643 
0.22217 
0.0497499 
0.0413564 
0.0354945 
0.059628 
0.0151641 
0.0956559 
0.0502928 
0.035986 
0.250949 
0.223377 
0.198678 
0.243957 
0.172204 
0.0681378 
0.144352 
0.0884436 
0.163082 
0.25558 
0.103364 
0.0425691 
0.0291767 
0.0521247 
0.14852 
0.204954 
0.161323 
0.105672 
0.0747949 
0.0498059 
0.0742138 
0.181728 
0.0637928 
0.0300954 
0.0525148 
0.0856985 
0.0545671 
0.0768095 
0.137424 
0.153335 
0.12452 
0.0691865 
0.118371 
0.123972 
0.0534525 
0.119271 
0.132044 
0.101719 
0.0733042 
0.105458 
0.08842 
0.0427496 
0.0431549 
0.0197112 
0.0565885 
0.10472 
0.059798 
0.17191 
0.140097 
0.142203 
0.0802256 
0.0370731 
0.0968188 
0.0827926 
0.0523501 
0.0984205 
0.105573 
0.624913 
0.597457 
0.0672645 
0.0937485 
0.103032 
0.176891 
0.154768 
0.0501152 
0.0521903 
0.0416517 
0.0480002 
0.017149 
0.0324099 
0.0929404 
0.0690361 
0.13251 
0.116077 
0.0815185 
0.0719125 
0.049941 
0.220696 
0.118181 
0.13207 
0.222371 
0.133216 
0.102347 
0.097037 
0.0217227 
0.0864689 
0.0685581 
0.0706967 
0.091079 
0.0696004 
0.166909 
0.152636 
0.134211 
0.0925667 
0.0905065 
0.05705 
0.057049 
0.0224713 
0.0519222 
0.12101 
0.102716 
0.0614827 
0.0775772 
0.100467 
0.103189 
0.0828036 
0.0869235 
0.0718296 
0.0760078 
0.110249 
0.0751827 
0.0901743 
0.0989511 
0.160571 
0.124459 
0.0428922 
0.0695406 
0.0470533 
0.0579437 
0.0631557 
0.113202 
0.117963 
0.076383 
0.0704251 
0.0722216 
0.0999151 
0.0840801 
0.0707161 
0.0821925 
0.0786917 
0.0628984 
0.0454525 
0.132975 
0.0824474 
0.131858 
0.0531586 
0.0670141 
0.0461955 
0.0486025 
0.061419 
0.0768104 
0.0664034 
0.0688862 
0.040768 
0.244111 
0.131978 
0.172704 
0.101679 
0.0752682 
0.0360923 
0.0826309 
0.104514 
0.0918216 
0.071272 
0.056246 
0.149766 
0.0906572 
0.083196 
0.0203184 
0.0480921 
0.0256916 
0.0236352 
0.0341717 
0.0252105 
0.0671734 
0.0511079 
0.0888451 
0.123715 
0.0742526 
0.0891955 
0.0648815 
0.0789885 
0.0950054 
