0
27.0524 
26.3378 
21.624 
22.5331 
22.7807 
25.5718 
28.2164 
36.5426 
34.2137 
24.7918 
23.8642 
23.9533 
26.9406 
24.7493 
27.9008 
28.9819 
30.2039 
25.4795 
24.4221 
23.8541 
23.6781 
21.7215 
20.8741 
24.5903 
27.4778 
24.2306 
22.5574 
22.7221 
21.4292 
22.3318 
23.0472 
23.2242 
23.061 
30.0906 
29.8521 
22.9274 
26.1732 
24.9686 
28.1549 
29.3504 
26.3147 
24.4698 
24.3164 
29.2729 
29.1163 
25.987 
25.7169 
25.6669 
22.9051 
20.6337 
22.4527 
25.7816 
24.8372 
25.9867 
24.8463 
23.9202 
23.7186 
28.2443 
26.2706 
21.5879 
21.548 
24.5412 
29.8328 
30.1281 
26.1928 
25.8511 
23.9199 
24.7624 
23.8011 
20.6263 
23.0616 
25.4356 
23.519 
23.9397 
22.2623 
25.0852 
25.7429 
23.3621 
23.7551 
24.5485 
22.7491 
22.6688 
24.9817 
27.2653 
24.5919 
26.3792 
24.4508 
24.9747 
23.7123 
22.4909 
26.7225 
27.4158 
21.8714 
21.5854 
25.963 
23.4073 
23.1043 
23.1896 
24.9102 
22.3146 
24.2833 
24.9025 
23.2188 
24.5063 
24.9628 
22.6411 
23.2016 
21.3484 
20.9949 
21.4311 
21.7185 
22.3132 
23.1733 
23.0176 
22.6247 
23.2204 
25.4195 
23.6325 
22.4198 
24.207 
25.296 
22.1319 
20.5876 
23.8317 
26.9285 
27.2804 
22.6537 
22.5029 
22.8972 
25.0309 
23.4958 
24.5257 
23.8445 
25.418 
27.6574 
34.3555 
34.816 
28.3979 
24.4513 
23.858 
24.1971 
22.9351 
26.5127 
25.1707 
24.2774 
22.657 
24.3178 
22.6241 
30.0831 
32.0001 
28.2845 
26.2586 
26.1499 
24.3147 
24.2571 
21.1327 
21.9795 
49.7208 
52.4631 
34.5187 
28.4979 
30.7987 
37.3271 
49.931 
52.4563 
34.6634 
34.2833 
30.7277 
50.2603 
49.9311 
34.8524 
32.736 
36.1273 
37.1998 
33.2199 
29.6225 
29.2871 
26.8781 
27.3394 
43.6983 
43.7306 
65.2346 
62.4454 
33.2211 
30.637 
22.559 
27.0645 
41.2286 
40.617 
28.8227 
32.1538 
53.8661 
34.4681 
27.7091 
25.0004 
24.2346 
30.6247 
27.1792 
35.506 
35.2173 
28.7047 
27.2496 
26.8956 
34.2805 
35.2697 
32.5759 
31.4373 
27.2274 
26.309 
26.2627 
25.4367 
26.2885 
26.5192 
29.6361 
29.0309 
31.8447 
32.4512 
30.5953 
30.7809 
26.6861 
31.7707 
38.1381 
32.4664 
30.4722 
34.4539 
35.1403 
32.0602 
30.8226 
30.7936 
35.7398 
31.9289 
30.8281 
36.6431 
32.3121 
26.0251 
60.7253 
61.094 
29.5756 
29.1688 
27.8467 
27.539 
28.8806 
29.3621 
31.5724 
30.2803 
28.4327 
28.7419 
31.198 
33.2205 
29.7543 
29.7404 
30.0596 
32.3249 
29.774 
28.0455 
30.8385 
31.6636 
32.613 
30.4273 
29.4533 
29.5086 
27.1779 
27.7624 
30.6322 
28.8164 
29.3741 
31.0427 
31.2668 
32.8832 
30.5642 
29.1582 
28.6707 
27.9655 
27.4243 
27.2213 
26.7351 
28.4432 
46.4952 
46.3051 
30.2978 
29.1466 
29.413 
28.4474 
31.3981 
28.6133 
33.797 
32.5762 
30.4849 
26.5354 
27.3183 
29.0616 
29.1474 
30.5952 
28.8316 
26.7398 
27.7763 
28.0348 
28.2088 
31.861 
28.7024 
27.1272 
30.0992 
31.4392 
29.5375 
27.7638 
28.3318 
27.2908 
26.7645 
27.3852 
28.6732 
29.7038 
28.2425 
28.4529 
27.7975 
26.8037 
27.5086 
27.8394 
28.0341 
25.9895 
25.3719 
27.7873 
29.2487 
28.1105 
29.439 
29.5722 
28.8425 
28.4427 
29.9403 
27.5738 
33.399 
33.6494 
27.4523 
31.2055 
28.6683 
57.9059 
56.9742 
26.6864 
27.5299 
28.3274 
29.813 
28.4018 
26.5421 
25.3324 
25.3851 
25.1214 
24.4831 
26.1033 
30.7581 
32.583 
29.8602 
26.1037 
24.6631 
25.6592 
27.2101 
28.1106 
26.6767 
26.2132 
29.9819 
29.7632 
26.9525 
27.4031 
25.7057 
26.217 
25.5163 
26.3859 
27.0503 
25.6377 
26.2776 
27.8374 
29.5201 
27.862 
25.9378 
25.7001 
27.0913 
25.9401 
25.3863 
24.2901 
25.6425 
26.4851 
25.8596 
25.7263 
24.9506 
26.8349 
26.7001 
29.0738 
24.2894 
26.2112 
27.6554 
26.9429 
27.4582 
29.3409 
26.3106 
24.5328 
25.2051 
25.4883 
25.3532 
26.0749 
28.3353 
26.3348 
24.3095 
25.5929 
28.2014 
28.5049 
27.2352 
26.1889 
25.6868 
26.5766 
26.05 
24.9474 
26.6061 
28.2133 
26.0416 
23.0409 
24.0145 
25.4127 
25.3192 
25.9855 
24.2319 
26.9853 
28.622 
27.7413 
27.4742 
24.9019 
27.7693 
27.8126 
26.1112 
24.3397 
27.6785 
26.6047 
25.5831 
26.7839 
25.9584 
25.4187 
27.8971 
26.192 
24.7916 
23.4551 
23.6616 
22.8509 
23.844 
27.2367 
26.3927 
24.8751 
28.9696 
26.9447 
25.7168 
27.0294 
24.9927 
24.7247 
24.6611 
