0
0.180788 
0.0314358 
0.0502599 
0.0443161 
0.065655 
0.0949639 
0.201429 
0.108994 
0.0814143 
0.0640398 
0.0591959 
0.0813672 
0.0914869 
0.0569423 
0.102324 
0.0818245 
0.0886049 
0.0941402 
0.165724 
0.151259 
0.0684757 
0.0334859 
0.0481322 
0.106699 
0.0944677 
0.0787966 
0.0602296 
0.0981594 
0.082213 
0.0776217 
0.0987912 
0.112906 
0.0963415 
0.0839043 
0.0781757 
0.0475359 
0.0285194 
0.0663265 
0.0921574 
0.0762185 
0.169814 
0.157817 
0.0234348 
0.146846 
0.0884397 
0.0730341 
0.0757575 
0.0802154 
0.0838468 
0.0832743 
0.087112 
0.0604326 
0.0928712 
0.102274 
0.0758951 
0.104883 
0.151646 
0.131787 
0.108288 
0.0563802 
0.0715687 
0.0573583 
0.0470636 
0.0582147 
0.0262405 
0.116003 
0.141244 
0.101189 
0.0712887 
0.0921086 
0.144784 
0.0988815 
0.0767232 
0.0608112 
0.0689493 
0.0507727 
0.0644349 
0.0514356 
0.0423917 
0.0624987 
0.0423035 
0.0603039 
0.0680919 
0.0748658 
0.11056 
0.106007 
0.0710435 
0.0286898 
0.0836187 
0.109199 
0.0980501 
0.0710367 
0.0365412 
0.0853108 
0.0699601 
0.0502804 
0.0923288 
0.0504588 
0.0628597 
0.0700269 
0.0755201 
0.096275 
0.100204 
0.113379 
0.116199 
0.0621669 
0.0870009 
0.09805 
0.070269 
0.0760738 
0.0312813 
0.0948073 
0.0886382 
0.0924388 
0.105683 
0.104727 
0.0719867 
0.0724226 
0.122087 
0.250707 
0.184228 
0.0639721 
0.0955231 
0.0699504 
0.100348 
0.0970611 
0.0584517 
0.0915456 
0.0909243 
0.0698608 
0.128938 
0.100428 
0.0479741 
0.0617672 
0.0449363 
0.0751027 
0.0762832 
0.103949 
0.0932207 
0.0850822 
0.142866 
0.0584161 
0.0815631 
0.0916626 
0.119271 
0.0638962 
0.0675576 
0.0820025 
0.0688691 
0.0934175 
0.0764579 
0.122317 
0.0792184 
0.0228081 
0.0501037 
0.146147 
0.0849171 
0.0566045 
0.0713604 
0.148026 
0.104361 
0.0814554 
0.0680577 
0.0474052 
0.0425866 
0.0694148 
0.0859662 
0.0928378 
0.0750122 
0.100453 
0.0928841 
0.112071 
0.0804152 
0.0760898 
0.11882 
0.106937 
0.124635 
0.0951227 
0.0879312 
0.0686002 
0.0969815 
0.0863076 
0.0502252 
0.107295 
0.101536 
0.0495158 
0.0601719 
0.0871532 
0.0783902 
0.0892687 
0.0843764 
0.0494423 
0.0573933 
0.0997656 
0.0678848 
0.0539064 
0.0822859 
0.142349 
0.136294 
0.0788312 
0.100731 
0.124007 
0.0879689 
0.0881008 
0.0867827 
0.128163 
0.160164 
0.10336 
0.0596557 
0.119936 
0.10272 
0.0764607 
0.0968408 
0.0901163 
0.0850393 
0.0762687 
0.106907 
0.342669 
0.420583 
0.307326 
0.103713 
0.184355 
0.093025 
0.0693038 
0.0818915 
0.0518839 
0.0563722 
0.0782842 
0.0741092 
0.0753036 
0.0975036 
0.0770709 
0.0693618 
0.068186 
0.0847453 
0.109824 
0.110497 
0.091562 
0.108191 
0.106007 
0.0903235 
0.101896 
0.0991167 
0.0698987 
0.0764273 
0.0753698 
0.123589 
0.103859 
0.0789194 
0.0503032 
0.0379101 
0.061412 
0.089108 
0.0844902 
0.065844 
0.105508 
0.170286 
0.135563 
0.107104 
0.103294 
0.0875688 
0.0808412 
0.0956026 
0.0914422 
0.0630204 
0.0450139 
0.07681 
0.104374 
0.131951 
0.102893 
0.0589314 
0.0873467 
0.0978412 
0.116062 
0.124041 
0.113919 
0.090813 
0.1528 
0.139563 
0.182506 
0.119176 
0.131975 
0.0565432 
0.110972 
0.0772667 
0.0885217 
0.097018 
0.0700285 
0.0485629 
0.112314 
0.110491 
0.0541845 
0.0330532 
0.0970126 
0.0642723 
0.0805331 
0.0760067 
0.0637158 
0.0839552 
0.086234 
0.102464 
0.13914 
0.054381 
0.107788 
0.0855707 
0.0783046 
0.0897459 
0.060131 
0.0716009 
0.0448819 
0.073562 
0.133081 
0.0683646 
0.0950282 
0.109643 
0.0712586 
0.093626 
0.0820038 
0.0733198 
0.0565508 
0.0904438 
0.101889 
0.0934615 
0.120566 
0.15649 
0.0480902 
0.0549507 
0.129901 
0.0890971 
0.0692165 
0.0707638 
0.113583 
0.15851 
0.110321 
0.0855356 
0.178074 
0.100527 
0.112442 
0.102146 
0.0970011 
0.124431 
0.0714612 
0.0452877 
0.0746669 
0.0866321 
0.0885684 
0.112352 
0.0940239 
0.112488 
0.0652455 
0.117743 
0.0787076 
0.0519349 
0.191263 
0.117182 
0.0882033 
0.159805 
0.130876 
0.116368 
0.0984508 
0.25321 
0.101208 
0.127927 
0.179979 
0.106737 
0.088644 
0.0838621 
0.0381658 
0.112954 
0.0940965 
0.0638264 
0.0671469 
0.144778 
0.227336 
0.115059 
0.112212 
0.100311 
0.0915123 
0.0472312 
0.113005 
0.167702 
0.143557 
0.085412 
0.0452703 
0.233975 
0.335793 
0.127506 
0.109956 
0.10232 
0.101003 
0.0602112 
0.0998602 
0.0866257 
0.0981468 
0.0633217 
0.0776914 
0.216237 
0.0845486 
0.0942813 
0.0638616 
0.0689709 
0.0844471 
0.0946221 
0.071154 
0.156306 
0.130116 
0.112066 
0.160881 
0.177123 
0.0714632 
0.114495 
0.114547 
0.178955 
0.121548 
0.0296422 
0.0807088 
0.0976166 
0.0933633 
0.0672132 
0.0899968 
0.101389 
0.0548775 
0.0936724 
0.132604 
0.0684785 
0.0508825 
0.0705102 
0.107727 
0.104213 
0.0846795 
0.0952232 
0.140106 
0.130844 
0.0852066 
0.0940513 
0.0644012 
0.0743502 
0.0986147 
0.0901926 
0.0938201 
0.0825407 
0.0696046 
0.0894133 
0.0942274 
0.122451 
0.12412 
0.0875853 
0.139439 
0.10773 
0.0664682 
