0
26.3333 
24.868 
25.7639 
26.3826 
26.72 
29.5652 
30.5412 
25.5886 
28.2816 
25.8967 
25.4333 
25.9108 
28.7966 
26.9712 
29.2828 
33.0789 
35.4078 
26.7471 
26.2322 
27.6905 
27.0659 
25.9318 
25.6022 
27.0607 
26.5819 
25.3066 
26.0304 
27.9134 
27.8248 
27.0257 
26.7494 
26.4353 
30.343 
28.7861 
26.9477 
27.5922 
27.3678 
27.0927 
26.622 
26.7243 
29.9538 
29.3154 
29.0747 
29.239 
28.959 
29.9472 
30.9486 
28.1192 
26.7045 
27.0322 
27.5826 
27.8646 
28.0973 
27.4687 
27.1484 
30.2817 
29.7009 
28.0726 
27.985 
30.1025 
28.7715 
26.3527 
25.6506 
27.3148 
28.6507 
30.0236 
28.5188 
27.2791 
32.8774 
33.4363 
28.3417 
29.0111 
29.0853 
27.3566 
28.097 
30.1974 
30.336 
29.8473 
27.3604 
27.2237 
27.6836 
27.1247 
29.3403 
27.8725 
29.8561 
31.3808 
27.9405 
28.1825 
29.1042 
30.5691 
28.4872 
27.2565 
27.0548 
27.2785 
28.9427 
28.373 
27.512 
25.9426 
29.1367 
29.7885 
26.857 
30.3711 
29.0659 
28.6842 
29.2062 
26.4769 
28.2101 
30.2206 
29.0733 
29.11 
28.6207 
27.8528 
27.2021 
27.5443 
28.133 
28.9504 
28.5435 
29.8079 
31.322 
35.5579 
33.4918 
32.1954 
32.1837 
30.2087 
28.6748 
27.7026 
26.9619 
28.5306 
29.4012 
26.8654 
27.0457 
27.4802 
28.1351 
27.036 
25.8674 
27.0491 
27.7168 
27.6975 
27.5673 
28.5509 
28.0122 
28.9423 
34.0235 
33.5282 
31.3337 
27.4679 
26.6646 
28.2971 
29.2794 
28.5268 
28.0675 
27.1259 
27.3798 
28.2194 
26.1552 
28.4296 
29.1886 
30.7819 
30.2682 
30.7499 
27.686 
29.2614 
29.1542 
29.9972 
28.464 
28.3655 
29.1608 
30.5791 
28.8846 
29.4115 
31.0023 
36.5049 
35.1419 
30.6707 
31.2517 
31.3984 
29.3664 
29.0742 
30.8451 
29.7542 
30.8823 
30.1331 
31.2441 
30.1443 
32.2275 
31.3128 
26.7271 
29.1216 
29.589 
29.1194 
29.0338 
27.4503 
27.1438 
27.6262 
28.5725 
29.2735 
32.9681 
31.1907 
30.577 
28.2475 
29.3007 
30.0624 
28.7463 
28.9386 
31.2006 
32.0721 
32.7659 
29.4151 
27.9238 
29.0149 
28.8302 
28.3955 
28.5971 
27.6849 
29.9004 
29.7319 
31.0472 
40.015 
38.3731 
35.3942 
30.3643 
29.874 
29.7966 
30.7878 
30.3949 
29.3499 
28.8368 
29.9452 
31.176 
32.4746 
31.9321 
31.2674 
28.284 
28.5909 
31.8574 
32.1969 
29.6388 
31.4135 
31.1903 
31.5712 
31.2573 
29.3609 
30.6511 
31.719 
32.078 
30.0742 
29.4313 
32.3394 
32.4042 
30.1411 
29.7996 
30.4286 
29.4948 
29.6286 
33.4989 
31.3883 
28.6597 
28.0247 
27.5908 
27.1922 
28.8567 
28.254 
30.1781 
30.0953 
29.1766 
29.5954 
31.3801 
31.6504 
30.7756 
30.1978 
29.9872 
31.3657 
28.96 
29.0898 
30.8195 
30.7416 
31.3317 
31.6566 
30.1746 
30.2944 
29.7007 
28.9538 
27.6195 
28.9665 
32.5216 
31.6736 
31.8846 
29.0123 
28.659 
33.3702 
30.8363 
30.9952 
28.696 
30.6493 
30.7325 
30.065 
31.382 
31.3466 
29.9033 
30.9285 
32.572 
31.5663 
29.1429 
31.9022 
34.2113 
33.1189 
29.5127 
29.4614 
31.2201 
33.7556 
30.7544 
31.762 
35.5105 
33.1731 
32.5293 
30.8713 
28.9985 
33.2116 
32.4574 
30.5086 
32.4813 
31.9961 
31.609 
31.1279 
31.8427 
31.6884 
29.0298 
29.8048 
29.7437 
28.9211 
29.7501 
30.2556 
32.6637 
30.7313 
30.2169 
33.4081 
28.7388 
30.0233 
30.6279 
30.2838 
28.8381 
28.6826 
28.6165 
28.7743 
31.1165 
29.771 
30.5972 
29.4434 
27.488 
27.6671 
30.2141 
30.7127 
28.4876 
30.6985 
29.4967 
30.1671 
29.9213 
28.1372 
29.6858 
30.1856 
34.4927 
28.8791 
29.4711 
30.098 
28.8948 
28.9042 
29.9415 
31.9272 
31.1352 
29.7685 
29.6143 
28.5545 
30.5882 
29.9196 
29.8332 
30.7529 
30.8947 
29.9302 
30.4511 
30.465 
29.9435 
31.1979 
30.4404 
28.4682 
33.8453 
34.8886 
28.9137 
28.5701 
31.5341 
30.3565 
30.5348 
30.77 
32.0022 
31.2161 
28.5411 
31.6891 
33.0138 
30.4944 
30.5997 
30.3644 
30.8759 
30.5199 
29.3441 
31.1983 
30.9992 
30.2525 
30.592 
30.3293 
31.2614 
30.0959 
28.702 
29.7035 
30.0861 
26.0593 
28.4839 
29.0274 
29.9219 
30.8215 
29.5897 
32.2815 
30.5631 
28.9191 
28.6347 
28.2111 
27.3338 
31.4951 
32.1251 
28.9203 
26.7813 
27.2794 
27.0269 
28.2731 
31.6646 
29.6777 
29.6173 
31.5833 
31.2077 
31.4399 
30.725 
28.2931 
27.6495 
28.2575 
27.6937 
26.9319 
28.5474 
28.8184 
29.6338 
33.4987 
32.8979 
33.1825 
