0
33.1313 
33.543 
31.3346 
29.8778 
32.5059 
30.538 
32.1792 
34.389 
31.8143 
30.1912 
30.284 
27.4572 
28.2522 
28.1724 
30.8307 
30.1179 
28.2708 
29.7542 
28.278 
29.7526 
29.3284 
28.0789 
30.2563 
29.2195 
31.9078 
29.157 
30.8484 
27.9649 
26.7949 
28.3592 
27.1083 
27.1719 
29.4373 
30.0745 
28.1526 
27.3931 
26.3028 
26.8987 
27.3037 
28.9334 
29.304 
29.0813 
29.6099 
27.4764 
26.7403 
27.5295 
27.7729 
27.2803 
26.4448 
26.5369 
26.5551 
26.6027 
27.5623 
26.9196 
26.5777 
27.6683 
27.7053 
27.3515 
26.2187 
27.8953 
27.9885 
27.0534 
25.9871 
33.189 
35.3941 
28.0929 
27.0454 
29.5358 
30.1271 
32.0564 
30.2689 
32.6043 
30.538 
31.097 
29.6345 
29.5227 
30.2693 
30.8955 
33.2935 
30.1629 
28.8079 
29.7027 
28.4596 
28.3924 
26.5591 
27.1619 
26.93 
28.1536 
27.5404 
27.9572 
27.8632 
27.9159 
26.873 
27.5215 
28.4 
28.3548 
27.6412 
27.9009 
27.6137 
27.4212 
28.3139 
28.3197 
29.717 
27.9297 
26.9223 
28.3211 
27.9078 
28.5533 
28.7021 
26.9821 
27.5354 
29.4631 
28.971 
30.0383 
29.5281 
30.3036 
28.5777 
28.9654 
28.3248 
28.6168 
28.1446 
27.7269 
32.1236 
32.8431 
29.0354 
28.162 
28.4859 
29.6423 
27.9609 
28.1077 
28.8576 
28.5058 
30.3193 
29.5741 
29.5715 
28.2597 
27.777 
29.6855 
28.7484 
29.9866 
31.5988 
30.7248 
27.4187 
27.7891 
28.5297 
27.3656 
27.2272 
26.6396 
27.0336 
27.5059 
26.5976 
26.4819 
30.6174 
29.6264 
27.0802 
27.3583 
27.703 
26.2996 
27.5675 
27.9483 
29.6481 
30.4794 
29.0057 
29.0745 
28.9319 
28.9295 
29.8978 
29.3049 
29.9053 
30.7211 
30.208 
31.0778 
30.7223 
31.15 
29.0609 
27.9692 
27.343 
28.1424 
28.9819 
32.7309 
31.8976 
30.9453 
31.2582 
29.2767 
28.9218 
31.6893 
30.3111 
29.5747 
29.4073 
28.5589 
29.0863 
31.6114 
31.2191 
31.6787 
31.579 
27.9794 
27.7332 
28.1244 
29.0063 
29.712 
29.3045 
28.5754 
29.0806 
28.5313 
30.3139 
30.5871 
31.1756 
28.8838 
28.686 
29.2852 
31.6787 
30.6557 
30.669 
28.038 
28.9402 
27.8863 
32.9424 
31.1671 
31.0994 
30.3442 
30.5712 
29.396 
30.7899 
31.2697 
29.9301 
31.0488 
30.7737 
27.9778 
30.1798 
31.5198 
30.5109 
30.33 
29.33 
30.1588 
29.8479 
29.7979 
28.5254 
29.5747 
28.9777 
33.5623 
33.25 
30.5274 
32.7821 
29.4584 
28.9897 
33.4542 
30.8922 
29.0454 
29.2567 
29.5475 
28.8799 
28.818 
31.991 
31.6134 
30.1704 
29.0964 
27.8652 
28.6237 
29.609 
31.2002 
30.1955 
30.4648 
30.9287 
33.2637 
31.419 
28.7015 
29.5327 
28.477 
29.1566 
30.3807 
28.5479 
27.6675 
28.4148 
30.2433 
31.083 
30.3747 
32.0884 
30.0202 
28.0709 
28.6792 
30.7938 
29.2561 
31.2111 
29.3368 
31.0503 
37.3424 
33.0406 
31.3642 
30.043 
30.1933 
30.7061 
30.2791 
30.7662 
28.5774 
28.4428 
29.8106 
30.2299 
31.5076 
30.0013 
30.4463 
29.2306 
30.0547 
33.5112 
32.788 
32.3019 
30.5513 
32.0024 
33.2009 
35.0101 
32.8492 
29.5645 
28.4953 
29.7782 
29.5937 
30.116 
27.8812 
29.27 
28.0848 
27.7539 
29.5663 
30.6784 
30.9554 
29.5275 
26.8165 
28.7353 
27.9453 
27.3233 
30.3727 
30.8604 
30.2962 
28.8274 
29.0109 
30.8645 
29.6175 
30.7158 
29.8455 
31.5615 
30.3971 
31.2367 
31.2065 
34.8091 
32.5466 
30.5531 
28.6029 
29.776 
30.0602 
29.0609 
29.5045 
29.7785 
33.1347 
33.346 
30.2062 
30.4226 
29.9036 
37.074 
32.9687 
28.0539 
28.6237 
29.791 
30.9612 
28.6637 
27.3438 
27.4914 
27.2121 
30.3275 
31.63 
30.2534 
29.8145 
26.6265 
27.2735 
28.5107 
27.6432 
29.6313 
29.417 
26.8574 
26.7513 
28.6131 
27.6253 
27.7824 
29.1528 
27.9818 
26.8111 
26.9385 
29.5239 
31.8211 
27.1315 
30.5992 
27.636 
33.1477 
28.1904 
27.085 
27.631 
26.858 
26.6517 
26.7012 
28.77 
30.886 
27.423 
26.8676 
26.1131 
27.1497 
26.3955 
29.5835 
29.7961 
28.6183 
26.8819 
31.4977 
30.1711 
44.1538 
26.7652 
26.8022 
26.2235 
25.0968 
27.8634 
27.1773 
26.6197 
25.6796 
26.1897 
28.4591 
28.7445 
33.3693 
31.4856 
31.7829 
27.5726 
26.0156 
26.8163 
27.9906 
29.6828 
28.4054 
26.7641 
28.7416 
28.7416 
30.0472 
26.2623 
25.1785 
25.0664 
24.766 
24.1684 
26.5009 
29.076 
28.736 
26.3653 
25.9227 
26.9825 
26.7041 
26.1057 
25.5366 
27.9817 
28.2164 
25.3425 
