0
0.135698 
0.0882052 
0.17491 
0.0709513 
0.162919 
0.162176 
0.181008 
0.0717269 
0.0955612 
0.0686115 
0.0449125 
0.127423 
0.0840723 
0.081277 
0.0823781 
0.117831 
0.121513 
0.0841034 
0.109278 
0.0987902 
0.103235 
0.0833893 
0.0351123 
0.0865378 
0.0645439 
0.135599 
0.132842 
0.0633453 
0.0599182 
0.0744622 
0.0764774 
0.0908543 
0.0666005 
0.118839 
0.104608 
0.030838 
0.0663007 
0.0453004 
0.0474471 
0.0709719 
0.0692485 
0.0914131 
0.10911 
0.102681 
0.0759746 
0.0661508 
0.0389631 
0.0751067 
0.0514352 
0.129611 
0.0769363 
0.0817419 
0.073108 
0.0203948 
0.049944 
0.14185 
0.157876 
0.112647 
0.0606706 
0.0881113 
0.113012 
0.0819898 
0.0537757 
0.0632573 
0.0932213 
0.117172 
0.114565 
0.0979909 
0.101898 
0.0882421 
0.120526 
0.105912 
0.153344 
0.0748211 
0.0720327 
0.0813039 
0.0999588 
0.124881 
0.0797011 
0.15149 
0.0640783 
0.0124777 
0.075003 
0.046811 
0.0569664 
0.128084 
0.0716429 
0.0730865 
0.0734054 
0.0653553 
0.0929307 
0.0964033 
0.0688869 
0.062586 
0.0617566 
0.0687672 
0.0635099 
0.159185 
0.127711 
0.0918081 
0.0515216 
0.0677995 
0.0997814 
0.079186 
0.073388 
0.0652992 
0.0543294 
0.0222929 
0.114655 
0.0783066 
0.0494443 
0.123805 
0.108667 
0.10475 
0.0768019 
0.108473 
0.0889746 
0.0864612 
0.0542871 
0.0748604 
0.0306063 
0.0829984 
0.0636388 
0.0633617 
0.0558358 
0.0431054 
0.135229 
0.118067 
0.0715514 
0.0600924 
0.0856523 
0.095962 
0.113839 
0.060896 
0.102738 
0.0901847 
0.0765142 
0.0413773 
0.0571028 
0.0770022 
0.0979185 
0.0705207 
0.0554115 
0.0519011 
0.0730715 
0.0694487 
0.0398783 
0.0203207 
0.0696269 
0.0630569 
0.0982172 
0.102382 
0.0600859 
0.0779747 
0.0497915 
0.0503196 
0.0564966 
0.0589175 
0.0429145 
0.0816552 
0.107774 
0.054767 
0.0436669 
0.083074 
0.0652248 
0.0699074 
0.145423 
0.0610036 
0.0596342 
0.128177 
0.14495 
0.0627211 
0.0969213 
0.0968628 
0.050966 
0.0553282 
0.0496186 
0.0350542 
0.10988 
0.0703139 
0.143589 
0.117958 
0.0884142 
0.0744131 
0.0810455 
0.0743605 
0.112206 
0.0862272 
0.1001 
0.10491 
0.0908001 
0.0602196 
0.0715156 
0.0354244 
0.0904508 
0.104034 
0.0802034 
0.0746769 
0.0906559 
0.102288 
0.0749708 
0.0902624 
0.0927169 
0.0479716 
0.125118 
0.102997 
0.0564207 
0.0676252 
0.0638682 
0.115454 
0.120744 
0.100528 
0.0575052 
0.0907143 
0.111395 
0.0973498 
0.102323 
0.0740088 
0.0857879 
0.0589776 
0.0731301 
0.0451159 
0.119544 
0.117742 
0.0555106 
0.0626086 
0.0546444 
0.113812 
0.137372 
0.110913 
0.0932274 
0.0573357 
0.112599 
0.103363 
0.111869 
0.064605 
0.114685 
0.0698924 
0.0908435 
0.0879545 
0.113435 
0.134716 
0.125362 
0.0854731 
0.0911407 
0.0649325 
0.0259711 
0.0894869 
0.117786 
0.0741717 
0.178225 
0.163759 
0.144282 
0.0609906 
0.0823518 
0.0763211 
0.0711381 
0.0840587 
0.115339 
0.0725454 
0.0324226 
0.0745966 
0.164911 
0.086006 
0.0731799 
0.117857 
0.126992 
0.0810042 
0.0651323 
0.0871655 
0.131803 
0.132617 
0.0754088 
0.0597732 
0.0807556 
0.11524 
0.204471 
0.0857456 
0.104079 
0.110201 
0.104542 
0.106346 
0.0820837 
0.0407598 
0.0919592 
0.221549 
0.0907776 
0.109028 
0.106778 
0.0500866 
0.0199092 
0.0687322 
0.0677214 
0.126247 
0.0726268 
0.0666492 
0.0556468 
0.069891 
0.110749 
0.17258 
0.114397 
0.0570371 
0.0714058 
0.0750591 
0.126208 
0.0768088 
0.130542 
0.0673949 
0.087164 
0.118723 
0.0680556 
0.0853253 
0.0832168 
0.0520417 
0.0464089 
0.107608 
0.144514 
0.100267 
0.056733 
0.0430744 
0.0725296 
0.0603643 
0.0276114 
0.0937601 
0.155401 
0.105142 
0.0501966 
0.128994 
0.11111 
0.108978 
0.083638 
0.102168 
0.0926837 
0.157828 
0.124753 
0.101655 
0.131174 
0.0608878 
0.0946895 
0.0632427 
0.0656757 
0.0517713 
0.0936891 
0.10385 
0.102537 
0.0676718 
0.0650992 
0.0700864 
0.0577532 
0.116957 
0.134211 
0.0445227 
0.0828944 
0.0936793 
0.255755 
0.100029 
0.133335 
0.0968003 
0.146582 
0.0956702 
0.0735418 
0.0484794 
0.072008 
0.138267 
0.0696005 
0.0347092 
0.0697696 
0.0770956 
0.0923771 
0.103354 
0.0252083 
0.0526087 
0.138495 
0.12129 
0.0954501 
0.082702 
0.0866469 
0.106453 
0.152168 
0.123451 
0.0736641 
0.0515587 
0.115037 
0.130698 
0.0740512 
0.0531446 
0.0647052 
0.0509969 
0.10339 
0.1162 
0.0602415 
0.0951733 
0.0686419 
0.0919379 
0.126249 
0.146767 
0.156472 
0.0719303 
0.122778 
0.097838 
0.120336 
0.0758896 
0.0787228 
0.0336019 
0.0910556 
0.0409861 
0.122475 
0.0757765 
0.514312 
0.100779 
0.145569 
0.049455 
0.0577305 
0.113119 
0.0699964 
0.0958241 
0.0291651 
0.0367146 
0.107471 
0.106301 
0.274917 
0.08636 
0.105562 
0.0794329 
0.081093 
0.0695017 
0.0617705 
0.0522724 
0.133214 
0.0738031 
0.182499 
0.131264 
0.0280442 
0.063594 
0.0257178 
0.0471561 
0.0421108 
0.0619083 
0.120817 
0.0830658 
0.12204 
0.112553 
0.132029 
0.102262 
0.0876888 
0.13542 
0.14288 
0.106271 
0.0553191 
0.0362924 
