0
25.6648 
25.4318 
26.2883 
25.1592 
25.4861 
25.3602 
25.9917 
26.4245 
25.3362 
25.9473 
26.0269 
24.9962 
26.8314 
27.2089 
27.9425 
25.7633 
24.3252 
24.7485 
25.202 
25.0313 
25.5024 
24.9168 
25.2795 
24.3678 
24.5666 
24.8588 
26.027 
25.9956 
24.4476 
24.0294 
25.6796 
25.7665 
27.1985 
26.3838 
27.1199 
25.2598 
24.8622 
24.9776 
26.6578 
27.3721 
26.2373 
25.2453 
26.7395 
27.4153 
26.5481 
26.4487 
27.2539 
25.745 
25.8796 
26.3461 
27.3519 
26.4636 
25.6978 
25.4818 
26.9212 
26.8442 
26.483 
25.5171 
25.7809 
27.0416 
26.1027 
26.1623 
27.2446 
28.6977 
27.5911 
27.7042 
28.4899 
26.6333 
27.6019 
27.6421 
26.0149 
25.9588 
26.4253 
27.4369 
25.5229 
26.3592 
26.8713 
27.3923 
26.7327 
26.5007 
27.4102 
29.2735 
26.5742 
26.2966 
26.4863 
27.3675 
25.5789 
25.3881 
26.3296 
27.2796 
25.8612 
25.2783 
25.0237 
26.3115 
25.8329 
25.2778 
24.514 
23.733 
26.1721 
25.5674 
24.8682 
24.4624 
24.6712 
26.0004 
26.7371 
26.4572 
25.5254 
24.8051 
27.4589 
27.4507 
25.5177 
25.5411 
25.7478 
26.9442 
25.6994 
25.4647 
26.5787 
25.1028 
28.6197 
27.4961 
27.0885 
27.0725 
29.1151 
26.1683 
26.9154 
26.0306 
27.1032 
25.6369 
25.8416 
26.5298 
27.6661 
28.2318 
25.7362 
25.6788 
27.3361 
28.8132 
26.9679 
27.2739 
27.4573 
28.3418 
29.8026 
25.5044 
26.1518 
25.0025 
25.7936 
28.5925 
27.3878 
28.1187 
28.0536 
28.8205 
26.6579 
28.3954 
28.6848 
27.329 
27.0673 
28.1935 
26.8226 
28.211 
29.6832 
30.4234 
29.097 
30.5051 
30.8641 
28.0385 
29.8039 
30.3354 
27.5637 
29.0536 
29.4835 
28.2337 
27.7225 
28.4803 
29.7438 
28.2743 
28.4464 
30.7067 
30.6162 
28.0005 
30.3415 
32.0201 
29.2863 
27.464 
28.9502 
28.7378 
27.6948 
28.1528 
29.7429 
28.8155 
27.8648 
26.6929 
28.9155 
28.0304 
27.7006 
28.8809 
29.8251 
28.2543 
27.5888 
28.2211 
30.4569 
28.3663 
28.1733 
31.0343 
29.6257 
29.6372 
27.6191 
28.1409 
28.7606 
28.3657 
28.8917 
29.4853 
31.0488 
28.8276 
27.0612 
29.4655 
28.241 
28.0369 
27.5849 
28.4541 
29.5056 
29.3802 
27.8141 
30.0348 
30.0608 
27.445 
27.8903 
30.2081 
29.936 
27.2873 
27.4735 
29.9389 
29.5595 
29.2819 
28.6385 
29.6365 
28.6442 
29.9081 
30.5739 
28.0111 
28.2864 
28.6922 
29.5195 
29.0196 
29.2437 
31.2948 
28.4184 
29.0893 
31.1457 
29.6269 
27.8394 
30.3764 
29.0132 
28.2256 
31.29 
32.4197 
28.5948 
27.0526 
29.1103 
29.6475 
30.1614 
28.0759 
28.9012 
28.7014 
27.1095 
28.4002 
29.9453 
27.0356 
27.371 
28.6142 
29.0032 
28.6221 
28.1551 
28.3205 
29.8293 
26.7117 
27.8377 
29.1471 
29.6104 
26.972 
29.281 
29.8266 
28.2455 
27.7361 
30.2849 
27.9509 
29.3727 
31.9382 
30.1205 
30.1903 
29.425 
26.7653 
29.3851 
29.7269 
27.6496 
27.5672 
28.7302 
29.8676 
28.9174 
28.8705 
29.3289 
27.8559 
27.9747 
29.2669 
27.956 
28.1275 
28.5843 
27.3057 
28.2732 
30.6221 
30.1312 
28.6879 
28.2426 
28.4293 
30.2211 
28.1251 
28.5806 
29.552 
29.4527 
27.0902 
27.8777 
28.4633 
29.385 
27.6422 
28.6739 
27.9477 
29.3994 
28.0939 
28.9258 
31.3855 
31.4946 
28.2975 
28.1981 
28.9122 
28.054 
28.9742 
28.0451 
29.5703 
27.5288 
27.4877 
27.9145 
29.1415 
29.6763 
29.4433 
29.3114 
27.5595 
28.146 
28.6627 
29.8423 
30.4265 
31.677 
29.6889 
29.3169 
30.3314 
29.8358 
30.2536 
31.2633 
29.5836 
29.3048 
30.0172 
30.8696 
31.446 
28.1929 
28.3974 
29.1338 
27.3978 
34.1705 
30.5907 
27.7061 
28.6829 
29.8369 
27.3512 
28.1928 
29.1781 
29.6663 
28.2956 
29.4769 
29.0601 
28.9574 
28.4814 
30.5983 
28.8789 
28.0726 
28.7185 
31.2166 
30.3519 
28.2397 
27.7252 
26.4812 
27.1757 
29.2146 
28.0435 
27.819 
28.3178 
27.733 
26.3307 
26.775 
28.714 
27.0556 
26.8349 
27.1614 
27.7747 
27.7981 
30.7589 
30.7817 
27.1848 
26.5938 
26.9098 
28.0716 
28.2403 
29.8079 
30.0204 
26.7732 
27.4286 
28.1937 
27.8308 
27.6792 
27.4745 
29.9209 
28.0893 
27.9836 
28.2714 
27.322 
27.085 
28.7384 
28.6667 
25.9291 
27.776 
27.5247 
27.7682 
28.5302 
29.0937 
28.391 
30.342 
34.3445 
28.3554 
27.7922 
29.7292 
26.3406 
27.753 
28.6865 
28.1129 
26.599 
28.3059 
27.9918 
26.374 
26.3505 
27.4297 
26.6941 
26.9526 
27.2525 
28.1151 
