0
0.0583036 
0.039212 
0.0247516 
0.0534228 
0.0948956 
0.0659176 
0.0304806 
0.0342354 
0.0538604 
0.0697451 
0.0489115 
0.0424466 
0.0253262 
0.0416189 
0.0369081 
0.0353993 
0.0298777 
0.0402815 
0.0253396 
0.0580547 
0.0501794 
0.0609342 
0.0451204 
0.0417341 
0.0216731 
0.0177689 
0.0381679 
0.0385876 
0.0556425 
0.0216632 
0.0329345 
0.0418019 
0.04514 
0.0222245 
0.0110619 
0.0288277 
0.0217611 
0.0233189 
0.0344648 
0.0440608 
0.0713954 
0.0172109 
0.00993744 
0.0579908 
0.0866254 
0.0284226 
0.0459035 
0.0431765 
0.0488665 
0.0357509 
0.0262288 
0.0456985 
0.0374759 
0.0427991 
0.0488459 
0.0583859 
0.0372324 
0.0659747 
0.0797913 
0.0613256 
0.0581005 
0.0249169 
0.0489041 
0.0405758 
0.0429338 
0.0222096 
0.0220173 
0.038083 
0.0378264 
0.0332222 
0.0438176 
0.0306865 
0.00420335 
0.0245215 
0.0218603 
0.0399661 
0.042484 
0.0189002 
0.0413666 
0.0280348 
0.0386013 
0.0437048 
0.0569217 
0.00905109 
0.0326678 
0.0478232 
0.0138073 
0.00995139 
0.010876 
0.0453625 
0.0448104 
0.0270844 
0.031714 
0.0410807 
0.0500843 
0.0212035 
0.0393952 
0.0172344 
0.0365205 
0.0313366 
0.0367684 
0.0132762 
0.030024 
0.066933 
0.0730367 
0.0503519 
0.0428948 
0.0249356 
0.0191352 
0.0268324 
0.0222116 
0.0436633 
0.0351569 
0.0643274 
0.0246096 
0.0518268 
0.0412579 
0.0552628 
0.0678374 
0.0261545 
0.0379539 
0.0273336 
0.0486237 
0.0632512 
0.0409676 
0.0703536 
0.0642286 
0.0245347 
0.0257459 
0.0334126 
0.0341595 
0.038871 
0.0295472 
0.0641499 
0.0269103 
0.0231784 
0.0430886 
0.0520707 
0.121443 
0.020428 
0.0316748 
0.0334144 
0.0348579 
0.0401224 
0.0109611 
0.0452709 
0.0594839 
0.0977452 
0.0419207 
0.0421826 
0.0458495 
0.0201525 
0.0298293 
0.0429908 
0.0438841 
0.0643166 
0.0634296 
0.0619914 
0.0614036 
0.014697 
0.0401099 
0.0314 
0.0684871 
0.0505148 
0.047048 
0.0311553 
0.0562168 
0.0320339 
0.0589756 
0.0316903 
0.0333386 
0.0743283 
0.0824227 
0.0534568 
0.0917448 
0.032217 
0.0304137 
0.0201984 
0.0757669 
0.083831 
0.0440751 
0.047398 
0.0397057 
0.0176745 
0.0222777 
0.0733819 
0.0740756 
0.0306807 
0.0213154 
0.044008 
0.0285042 
0.0395117 
0.0439932 
0.0488185 
0.0346839 
0.0374979 
0.0357717 
0.0319122 
0.0221448 
0.0383182 
0.0578607 
0.0462814 
0.0407999 
0.074903 
0.0246561 
0.041782 
0.0857632 
0.043348 
0.0620544 
0.0523266 
0.0393904 
0.0612137 
0.086746 
0.0486827 
0.00851289 
0.0604894 
0.0395872 
0.0755695 
0.0244012 
0.0572879 
0.0364096 
0.0571581 
0.0125609 
0.048355 
0.0753996 
0.0168764 
0.0392049 
0.0518879 
0.0582533 
0.0132704 
0.0534111 
0.0422451 
0.050071 
0.0689985 
0.0511716 
0.0351048 
0.0333254 
0.0736965 
0.0440637 
0.0556656 
0.0328365 
0.106043 
0.040977 
0.0874498 
0.0449084 
0.0291778 
0.0408986 
0.0245828 
0.014753 
0.0372061 
0.0576269 
0.0756223 
0.0443403 
0.02417 
0.0444848 
0.0271981 
0.0303359 
0.040294 
0.072464 
0.0771043 
0.0429565 
0.0314952 
0.0165563 
0.0470144 
0.0400378 
0.0441301 
0.0624952 
0.038853 
0.0275942 
0.019794 
0.0249444 
0.0234533 
0.0495031 
0.0330514 
0.0181097 
0.0762828 
0.0728682 
0.0485335 
0.0468007 
0.0265047 
0.0690527 
0.0568867 
0.0528235 
0.0420404 
0.0374335 
0.0553586 
0.0546939 
0.0321999 
0.0653912 
0.0469562 
0.0528056 
0.0616058 
0.0118006 
0.0418443 
0.0982725 
0.0511946 
0.0372717 
0.0491013 
0.0333259 
0.0365744 
0.0350353 
0.0427584 
0.0381605 
0.0477096 
0.0479567 
0.0452435 
0.0342877 
0.0136084 
0.0395693 
0.0315136 
0.0649163 
0.040965 
0.0496523 
0.0660713 
0.0324082 
0.066817 
0.0180909 
0.0390176 
0.0486785 
0.0426077 
0.0442781 
0.0378563 
0.0296892 
0.0511961 
0.0789422 
0.0366352 
0.0918325 
0.0427149 
0.0571998 
0.0531028 
0.0340483 
0.0254511 
0.0759176 
0.040998 
0.0514892 
0.018292 
0.0416199 
0.0604705 
0.071359 
0.0187492 
0.0316336 
0.05854 
0.0472022 
0.0464772 
0.0781881 
0.0305539 
0.108934 
0.104765 
0.0508979 
0.106561 
0.0553087 
0.0414723 
0.0587193 
0.0609255 
0.0589817 
0.0735043 
0.0555527 
0.0901782 
0.0565969 
0.0527154 
0.0642405 
0.0459748 
0.0339813 
0.0711163 
0.031564 
0.0940505 
0.0682431 
0.0317102 
0.0161234 
0.050434 
0.12326 
0.199492 
0.0675423 
0.041022 
0.0032391 
0.0228663 
0.0397234 
0.0497136 
0.0586303 
0.0379307 
0.0575664 
0.055403 
0.0593572 
0.076337 
0.0256552 
0.0433111 
0.0678271 
0.0601961 
0.158409 
0.0760525 
0.100557 
0.0566501 
0.0346843 
0.0601906 
0.08035 
0.0523865 
0.0606529 
0.0884763 
0.0148986 
0.0828995 
0.0370952 
0.0618315 
0.0529016 
0.0943641 
0.0643135 
0.0480135 
0.0360039 
0.0511904 
0.0379987 
0.0484089 
0.0335717 
0.0801757 
0.0854181 
0.0410697 
0.0783474 
0.0372735 
0.138095 
0.11052 
0.114354 
0.0762048 
0.0712052 
0.0632169 
0.0370215 
0.0382733 
0.0293953 
0.0800895 
0.0436779 
0.0739912 
0.0328701 
0.0791833 
0.0720722 
0.0374493 
0.130219 
0.0787268 
0.0829837 
0.0566398 
0.0710009 
0.0442223 
0.0502139 
0.127315 
0.186108 
0.110395 
0.0402543 
0.0186573 
0.0674276 
0.0793201 
0.0642027 
0.0542103 
0.0215811 
0.0996977 
