0
23.8886 
24.8363 
27.4933 
25.7284 
24.1683 
27.362 
31.5691 
25.4291 
25.5199 
25.1164 
25.9329 
24.0133 
24.4929 
24.8324 
25.9799 
26.7317 
24.5074 
24.0111 
24.7599 
24.5582 
27.1504 
26.3591 
24.0775 
25.1284 
25.7056 
23.5414 
23.7964 
25.0579 
23.8841 
23.9117 
25.5327 
23.8366 
25.4486 
26.0515 
26.7498 
26.981 
23.8897 
23.8569 
24.7332 
26.0301 
27.369 
25.1011 
25.7767 
24.7158 
24.5107 
25.0294 
24.5778 
24.538 
26.8091 
25.4383 
24.9046 
25.1181 
26.4162 
25.9502 
26.7005 
24.4611 
25.1158 
25.8628 
27.1943 
27.4808 
24.7591 
24.7525 
25.7877 
26.1605 
25.9946 
26.2315 
26.0188 
26.3599 
25.0469 
25.9725 
25.7628 
26.0589 
26.9583 
26.69 
26.2925 
28.2459 
29.2202 
27.1459 
25.1801 
24.1612 
25.4182 
26.1454 
28.0998 
27.4248 
25.4283 
26.5706 
27.4232 
28.7261 
26.6889 
28.5046 
26.8442 
24.9841 
25.7407 
26.0845 
27.6441 
27.4206 
27.8187 
26.2043 
27.1916 
26.8605 
26.6045 
27.7083 
27.18 
25.7243 
29.1701 
28.4412 
26.7464 
29.3586 
29.5162 
26.5562 
29.3487 
30.7237 
28.895 
28.9239 
34.2961 
33.9396 
31.5985 
30.069 
34.0844 
29.7639 
27.6643 
26.7578 
26.8667 
28.8743 
27.6216 
29.8525 
31.0588 
30.945 
28.6171 
27.8998 
27.2066 
27.2709 
27.7638 
29.5455 
26.0732 
28.7005 
31.329 
30.1615 
31.1506 
29.6026 
28.2127 
27.5941 
30.897 
32.6837 
27.05 
29.0769 
29.8624 
26.949 
25.2139 
30.1737 
30.389 
27.1645 
28.8769 
30.2925 
26.5906 
27.5853 
31.0851 
28.9138 
27.0022 
27.9266 
29.49 
28.2697 
29.3913 
27.6695 
29.5581 
31.2206 
30.0161 
29.0269 
29.4102 
31.2693 
33.5992 
32.1528 
34.7009 
40.5596 
32.4881 
27.1945 
27.5839 
27.7244 
29.4579 
26.9847 
25.2306 
26.111 
26.7647 
25.1821 
25.8727 
25.3618 
27.252 
29.2246 
26.2659 
25.8804 
26.0361 
27.7367 
28.8984 
27.4328 
27.7043 
26.2291 
26.5397 
28.6946 
31.6322 
28.3643 
31.6385 
32.1637 
28.6381 
26.4565 
30.7889 
32.1848 
30.5028 
30.4965 
30.123 
31.9021 
28.7205 
30.7888 
30.0605 
30.1902 
30.693 
28.1319 
28.3916 
30.2723 
31.5398 
31.2753 
28.5033 
28.5696 
29.2584 
31.1597 
30.228 
29.3449 
29.3834 
29.5375 
29.2875 
29.9649 
32.5591 
31.8551 
28.4683 
31.2964 
31.8555 
31.6708 
31.2399 
27.8036 
28.4561 
29.0151 
28.205 
30.196 
28.7687 
26.9684 
28.7933 
29.0149 
27.2877 
27.7482 
27.6222 
29.0201 
28.5957 
27.3237 
28.8926 
30.2642 
31.8559 
30.384 
30.6735 
28.4641 
27.4964 
29.4012 
29.3745 
29.0046 
27.2639 
27.0936 
29.3093 
30.0418 
31.399 
29.6887 
27.3631 
26.4383 
27.3528 
26.7616 
28.996 
28.0305 
30.3866 
29.1955 
27.0702 
27.6331 
28.87 
27.0898 
26.8278 
26.4331 
26.2593 
27.8496 
26.7678 
27.1869 
28.1451 
26.5158 
26.6539 
27.8222 
29.5608 
26.7103 
30.896 
26.1727 
25.3292 
27.3063 
26.4313 
25.5164 
26.0515 
25.8659 
27.6837 
32.3434 
33.5055 
26.2368 
29.2653 
26.9026 
28.4241 
29.9035 
27.0782 
29.0512 
25.81 
25.763 
25.4116 
28.6859 
27.2598 
27.8257 
28.0966 
26.5415 
24.7887 
28.1936 
26.8275 
27.6656 
28.0839 
26.5604 
25.3153 
23.9445 
29.0819 
24.7048 
24.1259 
31.4425 
29.4017 
25.4829 
26.1732 
31.5307 
25.2306 
27.5758 
28.0253 
27.4681 
30.8822 
36.5294 
28.3909 
26.733 
29.4546 
28.4293 
27.7856 
26.2224 
28.0697 
24.6364 
25.64 
25.63 
26.3876 
26.1167 
27.5757 
25.2726 
25.2425 
25.3701 
27.5407 
26.3011 
26.8162 
27.7577 
23.9847 
27.4308 
33.9672 
29.6794 
24.8148 
26.877 
28.1506 
27.3613 
26.1811 
27.547 
25.1084 
25.2881 
26.3244 
24.8145 
27.3922 
27.2469 
26.4972 
27.1648 
26.7527 
29.0109 
28.3577 
28.911 
27.1727 
25.831 
26.5653 
30.851 
24.6841 
25.9275 
29.7622 
25.8422 
24.3189 
25.9871 
30.3869 
28.5462 
26.0825 
26.5533 
29.1746 
25.8989 
24.8356 
24.2817 
27.2077 
26.5548 
24.3578 
25.1276 
25.4685 
24.5427 
26.4003 
28.1148 
25.1764 
27.0234 
25.1192 
29.9064 
30.5065 
24.0405 
24.3871 
23.9999 
24.8599 
27.4538 
24.4033 
27.0773 
28.3552 
29.6125 
26.7784 
25.1375 
24.4603 
25.8344 
23.0854 
24.507 
23.9944 
27.2867 
28.174 
25.5351 
24.7298 
24.7438 
26.5874 
22.7481 
25.7336 
26.3741 
26.3506 
27.3423 
30.0094 
26.6776 
24.771 
28.1518 
23.108 
23.9262 
29.642 
30.117 
26.676 
27.6206 
