0
0.14339 
0.160087 
0.0591941 
0.0336346 
0.0371935 
0.193741 
0.307584 
0.0756169 
0.0289996 
0.0801343 
0.055122 
0.0303721 
0.0435402 
0.0373141 
0.0333537 
0.0458318 
0.0514157 
0.0209087 
0.064432 
0.0550271 
0.0344548 
0.0469191 
0.0374819 
0.0128863 
0.0184581 
0.0403632 
0.0439746 
0.0331668 
0.0267879 
0.0590853 
0.0658201 
0.045785 
0.031319 
0.0686527 
0.0206053 
0.0495091 
0.0347659 
0.067638 
0.0571671 
0.0364861 
0.0641214 
0.0591445 
0.0219094 
0.0333039 
0.0281766 
0.0518047 
0.0806318 
0.089518 
0.0386656 
0.0413072 
0.030257 
0.0413102 
0.0667407 
0.0467552 
0.0490097 
0.0523439 
0.0769736 
0.0579831 
0.0322161 
0.0566297 
0.097709 
0.0553028 
0.069433 
0.105022 
0.0612787 
0.044788 
0.0296397 
0.0303963 
0.0415798 
0.0412692 
0.028887 
0.0369205 
0.0190057 
0.054816 
0.0505236 
0.0199007 
0.0474586 
0.0331419 
0.0722063 
0.0611386 
0.025066 
0.0515533 
0.0672726 
0.0213902 
0.06155 
0.118353 
0.085262 
0.0838367 
0.0144191 
0.0451984 
0.0201274 
0.0450483 
0.0840205 
0.0794068 
0.0616881 
0.0735681 
0.0750323 
0.140126 
0.060634 
0.0533818 
0.0567176 
0.0470429 
0.0493614 
0.107967 
0.0581148 
0.0647039 
0.0767491 
0.116153 
0.0853295 
0.0433344 
0.0478733 
0.0721545 
0.178481 
0.184488 
0.166504 
0.128017 
0.0905 
0.0983576 
0.148588 
0.0917199 
0.028476 
0.100506 
0.143171 
0.108088 
0.0331329 
0.0645236 
0.0467838 
0.0623298 
0.122865 
0.0825007 
0.0484122 
0.0386236 
0.0966988 
0.0533087 
0.0545212 
0.0816894 
0.0941312 
0.0594243 
0.131074 
0.104016 
0.0413822 
0.0383748 
0.0436974 
0.0750947 
0.0618716 
0.043698 
0.0967849 
0.0529357 
0.127103 
0.13432 
0.0526731 
0.0560781 
0.0457368 
0.0325838 
0.131552 
0.138527 
0.197644 
0.0872975 
0.0882683 
0.0423348 
0.0718639 
0.0726249 
0.0699885 
0.0718226 
0.116977 
0.0362792 
0.101211 
0.0573971 
0.0687083 
0.0808173 
0.0909793 
0.155119 
0.252146 
0.182561 
0.0838739 
0.0901443 
0.0492872 
0.070872 
0.0405493 
0.0554617 
0.0366432 
0.0487353 
0.047527 
0.0280571 
0.0295093 
0.0156059 
0.0517739 
0.0703363 
0.0544632 
0.0241326 
0.0531192 
0.0698574 
0.075536 
0.0986374 
0.155678 
0.0813522 
0.0365197 
0.0762121 
0.060095 
0.0481221 
0.0598456 
0.0571209 
0.0324439 
0.0580892 
0.0464661 
0.0835079 
0.0621674 
0.0531555 
0.0756312 
0.133412 
0.162817 
0.118691 
0.0875907 
0.0808242 
0.0716751 
0.0371815 
0.0981285 
0.053727 
0.0543868 
0.0877082 
0.0493853 
0.0793969 
0.0470925 
0.0549336 
0.0824514 
0.0505121 
0.0619353 
0.0280613 
0.0509905 
0.0914192 
0.036937 
0.159223 
0.184286 
0.130007 
0.0762942 
0.0647687 
0.0848169 
0.0416535 
0.0426873 
0.0624498 
0.0555604 
0.0777936 
0.0389414 
0.0476352 
0.0781342 
0.091413 
0.0980892 
0.0460355 
0.0418999 
0.0708865 
0.0889578 
0.0690427 
0.0691988 
0.0960214 
0.0493109 
0.0704546 
0.124507 
0.0688608 
0.0890279 
0.118446 
0.151434 
0.160515 
0.0517856 
0.105545 
0.140028 
0.0600122 
0.0855976 
0.0277812 
0.112466 
0.0702921 
0.0497805 
0.0575288 
0.0441593 
0.0688808 
0.0688821 
0.0370339 
0.0414745 
0.0716882 
0.146809 
0.0513845 
0.0919897 
0.0531825 
0.0969491 
0.0491645 
0.0150912 
0.0461691 
0.0424896 
0.0613496 
0.0275384 
0.059188 
0.0144835 
0.0633156 
0.0378327 
0.138527 
0.0770176 
0.0627028 
0.0706464 
0.0395814 
0.113816 
0.127497 
0.117058 
0.200948 
0.0538253 
0.0960379 
0.0764952 
0.165167 
0.0768236 
0.0774055 
0.0831798 
0.089694 
0.0358261 
0.0804945 
0.0826773 
0.0308672 
0.165321 
0.125362 
0.0871725 
0.093538 
0.13268 
0.169051 
0.0947945 
0.206986 
0.0302899 
0.043943 
0.0551757 
0.0540543 
0.0481657 
0.0367052 
0.0675389 
0.0579715 
0.103123 
0.0607665 
0.152628 
0.24944 
0.0638897 
0.109707 
0.108869 
0.0731998 
0.376215 
0.218875 
0.153199 
0.14974 
0.0974491 
0.082996 
0.0438353 
0.061827 
0.0639664 
0.0210136 
0.0552082 
0.0330555 
0.0743499 
0.0733259 
0.169388 
0.14354 
0.0791656 
0.105849 
0.127462 
0.106284 
0.0707062 
0.0775904 
0.0247601 
0.122085 
0.0653532 
0.110005 
0.0644919 
0.0820034 
0.0693959 
0.0605113 
0.0602114 
0.0443844 
0.0349765 
0.0492275 
0.0539915 
0.0867003 
0.150791 
0.107013 
0.0640441 
0.0811626 
0.103207 
0.114048 
0.0883078 
0.237923 
0.0969714 
0.101646 
0.0885781 
0.212479 
0.042098 
0.157985 
0.191478 
0.123216 
0.075751 
0.0773917 
0.0615346 
0.139088 
0.0551047 
0.0701668 
0.159716 
0.107795 
0.095689 
0.06469 
0.039407 
0.098253 
0.0416275 
0.0475285 
0.0987341 
0.070447 
0.048174 
0.113301 
0.0768313 
0.0587923 
0.124919 
0.0997538 
0.0625306 
0.072461 
0.0688343 
0.100707 
0.0669837 
0.09689 
0.0950501 
0.0702735 
0.0844251 
0.169042 
0.154321 
0.0524985 
0.05379 
0.14965 
0.0759155 
0.0778044 
0.091792 
0.129094 
0.0758135 
0.108288 
0.173399 
0.090947 
0.102178 
0.032198 
0.102168 
0.0863555 
0.077766 
0.132377 
0.131807 
0.193915 
0.0205985 
0.06372 
0.0392025 
0.0890975 
0.072698 
0.192209 
0.209572 
0.095286 
