0
0.149598 
0.180732 
0.113365 
0.147453 
0.963088 
0.45808 
0.240711 
0.182328 
0.137978 
0.136437 
0.20848 
0.0976913 
0.103021 
0.107492 
0.144782 
0.12075 
0.158525 
0.0932247 
0.0541782 
0.0905245 
0.200533 
0.210434 
0.0902593 
0.019965 
0.0978275 
0.0943522 
0.0456689 
0.128697 
0.0962187 
0.198543 
0.161953 
0.0905508 
0.0695087 
0.0664952 
0.052077 
0.0979417 
0.10215 
0.0736758 
0.0656957 
0.104359 
0.067493 
0.0748874 
0.0967249 
0.122007 
0.260145 
0.0670334 
0.197027 
0.130457 
0.106378 
0.246474 
0.128972 
0.204697 
0.113515 
0.553803 
0.48695 
0.134018 
0.124466 
0.216235 
0.0946902 
0.135797 
0.131675 
0.0729976 
0.273023 
0.283374 
0.14575 
0.126959 
0.100563 
0.088856 
0.110408 
0.0618265 
0.147972 
0.0393114 
0.174561 
0.05605 
0.128246 
0.0805614 
0.148833 
0.233921 
0.103003 
0.060861 
0.0784238 
0.0417191 
0.107002 
0.0658335 
0.0702607 
0.166774 
0.0986453 
0.11865 
0.17965 
0.213079 
0.157159 
0.231316 
0.29416 
0.0897693 
0.223548 
0.167475 
0.0748561 
0.193275 
0.193987 
0.0982939 
0.0399697 
0.0973013 
0.0920209 
0.143025 
0.121491 
0.116404 
0.0847254 
0.0838046 
0.0858203 
0.0967656 
0.242953 
0.142256 
0.535052 
0.338265 
0.223701 
0.122532 
0.175846 
0.0992559 
0.0604622 
0.0415745 
0.0487409 
0.0618716 
0.092147 
0.0593848 
0.130877 
0.100207 
0.0703426 
0.0993558 
0.170874 
0.118558 
0.145995 
0.0742488 
0.0661109 
0.110875 
0.0582432 
0.0460786 
0.0831655 
0.0872607 
0.0173825 
0.1678 
0.208808 
0.138066 
0.078567 
0.0914744 
0.0820979 
0.0434802 
0.0672238 
0.198045 
0.068712 
0.105266 
0.0575164 
0.0668613 
0.0579934 
0.112367 
0.0753668 
0.0768914 
0.0864987 
0.0712657 
0.0398502 
0.055236 
0.124126 
0.124222 
0.0816119 
0.116299 
0.115432 
0.120643 
0.150271 
0.07607 
0.0752005 
0.138921 
0.132938 
0.0544315 
0.139227 
0.0660685 
0.0892969 
0.135115 
0.129623 
0.071211 
0.0852356 
0.173781 
0.104916 
0.045539 
0.0595979 
0.0500806 
0.147601 
0.287458 
0.198369 
0.325222 
0.195085 
0.172609 
0.174217 
0.102647 
0.0685949 
0.0302216 
0.040764 
0.0730589 
0.106772 
0.145681 
0.105306 
0.0682175 
0.067613 
0.0349569 
0.0954865 
0.0994403 
0.072867 
0.0718845 
0.0922913 
0.104774 
0.162788 
0.0756279 
0.2049 
0.168357 
0.14442 
0.0796262 
0.11589 
0.084773 
0.0973523 
0.158473 
0.119169 
0.190926 
0.18745 
0.121991 
0.114269 
0.283592 
0.224308 
0.142318 
0.159361 
0.0952528 
0.0651591 
0.07748 
0.120297 
0.158761 
0.0773192 
0.215557 
0.231252 
0.24277 
0.251459 
0.150583 
0.082779 
0.127453 
0.213754 
0.342703 
0.473621 
0.2111 
0.104629 
0.15835 
0.122755 
0.121127 
0.0939915 
0.0531186 
0.0908303 
0.11964 
0.183074 
0.229013 
0.129901 
0.100604 
0.202929 
0.099245 
0.118837 
0.0425203 
0.134421 
0.0953784 
0.210823 
0.112233 
0.138917 
0.112346 
0.0806664 
0.250355 
0.28638 
0.231824 
0.15085 
0.120949 
0.146899 
0.168283 
0.135572 
0.0529068 
0.141843 
0.103055 
0.166499 
0.185276 
0.0839067 
0.0716625 
0.10551 
0.32912 
0.139497 
0.123525 
0.0833674 
0.147074 
0.0557426 
0.117994 
0.102606 
0.115074 
0.145471 
0.116625 
0.0634642 
0.0992641 
0.102206 
0.197813 
0.197925 
0.0967775 
0.0632 
0.07563 
0.230266 
0.125867 
0.0967652 
0.0906955 
0.129316 
0.248388 
0.116029 
0.168907 
0.0967221 
0.0827833 
0.206455 
0.159614 
0.0930215 
0.171501 
0.169218 
0.0890101 
0.36002 
0.282792 
0.079689 
0.103813 
0.0346719 
0.0313402 
0.0759125 
0.0511984 
0.168648 
0.155684 
0.0756552 
0.177141 
0.153754 
0.20783 
0.167414 
0.0930758 
0.0713883 
0.100662 
0.0431282 
0.0220179 
0.0750947 
0.199423 
0.134911 
0.11003 
0.142431 
0.0664543 
0.0798489 
0.062048 
0.0665871 
0.137009 
0.0884506 
0.118389 
0.0989069 
0.142092 
0.0846894 
0.185063 
0.249199 
0.120856 
0.0800128 
0.0837039 
0.195134 
0.199008 
0.0752051 
0.210619 
0.264256 
0.288795 
0.129117 
0.0672604 
0.132183 
0.09895 
0.167911 
0.115333 
0.0898638 
0.143794 
0.116013 
0.088783 
0.0835054 
0.0655416 
0.0829288 
0.145064 
0.101297 
0.149679 
0.195598 
0.172002 
0.278835 
0.145476 
0.166249 
0.347288 
0.198856 
0.103149 
0.058659 
0.259216 
0.068654 
0.0539483 
0.0637662 
0.136211 
0.108713 
0.404875 
0.314381 
0.233825 
0.116028 
0.132819 
0.160159 
0.158274 
0.219525 
0.0896709 
0.132035 
0.154594 
0.044626 
0.0490979 
0.0340659 
0.0427434 
0.26693 
0.0789417 
0.200983 
0.180104 
0.176523 
0.223314 
0.0957817 
0.0795019 
0.0902927 
0.0996288 
0.0734021 
0.0958064 
0.0834964 
0.202542 
0.131583 
0.0732123 
0.0998083 
0.0787354 
0.0942138 
0.139609 
0.144122 
0.0881373 
0.185852 
0.132219 
0.122837 
0.237131 
0.278043 
0.125689 
0.0940913 
0.071933 
0.17321 
0.18499 
0.205086 
0.0909521 
0.237646 
0.159996 
0.0810862 
0.128066 
0.0523815 
0.0547831 
