0
18.8571 
22.4263 
21.2233 
18.9835 
32.1736 
25.4477 
23.0721 
23.6394 
22.4926 
21.4751 
21.5836 
20.2437 
19.429 
19.6737 
20.0928 
20.761 
20.6626 
19.4744 
21.5739 
22.3533 
21.2283 
21.4922 
20.9629 
18.5746 
20.6871 
21.0357 
19.8494 
19.9182 
21.238 
21.4068 
19.774 
20.8962 
23.8287 
20.6581 
20.4829 
23.893 
22.8773 
20.246 
19.5962 
19.769 
20.5679 
21.2229 
20.7502 
21.1825 
22.1889 
21.6712 
23.1357 
21.9561 
20.1587 
18.8057 
20.3187 
23.2492 
23.0728 
27.8238 
24.7567 
20.9161 
20.8046 
21.9246 
20.5565 
21.2173 
20.8216 
20.7162 
23.3052 
23.119 
21.8206 
22.2306 
22.4546 
23.0586 
22.758 
22.2799 
22.2645 
22.2457 
21.8549 
21.4208 
23.1417 
22.2019 
24.1839 
23.0472 
21.9179 
21.3331 
23.1412 
23.4782 
22.9695 
20.9469 
20.6212 
21.0893 
21.0682 
21.0421 
25.9027 
22.142 
25.5436 
23.2412 
24.8767 
25.6401 
27.7681 
22.8756 
24.929 
24.6276 
22.812 
23.4901 
25.0455 
22.4204 
23.1824 
24.8398 
23.9023 
22.9356 
24.7953 
26.7205 
23.0663 
26.2614 
29.6621 
26.4803 
39.4659 
43.5689 
32.5732 
26.9135 
27.6732 
27.7411 
28.0683 
25.5364 
27.158 
27.5944 
27.4056 
26.3535 
30.1302 
29.4271 
25.5894 
26.5225 
30.9922 
29.3937 
26.5072 
26.4557 
26.7079 
26.6973 
26.5954 
28.7163 
27.3857 
27.2109 
28.5993 
27.3739 
27.2775 
31.8103 
30.2747 
30.1634 
33.304 
28.3409 
28.1276 
31.3162 
28.8044 
30.8818 
30.1188 
26.9324 
29.5856 
29.7253 
30.2231 
28.5799 
29.4003 
26.5017 
27.0577 
28.5892 
27.8374 
26.8052 
25.3006 
29.6678 
27.4767 
27.1574 
28.5035 
30.6583 
32.9648 
29.0709 
30.0261 
31.8383 
26.3524 
30.5557 
27.8947 
25.5693 
26.7466 
27.8875 
26.1559 
31.4369 
30.3838 
26.8105 
28.5541 
26.4713 
27.9836 
32.2878 
35.4945 
40.1052 
31.2857 
27.5294 
30.2492 
28.0103 
27.9123 
28.6282 
27.8327 
28.3871 
28.5025 
28.821 
35.5689 
26.2365 
26.8395 
26.1499 
29.2075 
28.5221 
28.9357 
26.736 
27.2328 
30.319 
29.9895 
26.8443 
28.5284 
28.0567 
29.004 
28.5642 
29.7919 
31.7568 
28.2633 
28.1308 
29.7381 
30.7931 
30.3453 
29.5892 
26.7283 
32.4376 
37.4334 
34.6206 
31.965 
29.9707 
30.1905 
33.7571 
33.806 
30.0907 
28.9632 
31.1463 
29.7028 
33.8535 
29.1229 
25.059 
26.8628 
27.5935 
30.2853 
33.2197 
37.9715 
32.6485 
29.6518 
28.6737 
27.3347 
26.8166 
29.2658 
27.2669 
24.755 
25.6614 
27.5592 
25.7334 
26.7365 
29.6916 
28.6537 
27.2849 
29.7209 
27.1431 
24.7344 
23.6339 
30.2169 
28.223 
28.841 
24.8802 
32.7992 
32.8546 
34.8319 
33.3312 
26.847 
28.1086 
25.7613 
25.7281 
24.8253 
22.4504 
22.6752 
25.0364 
27.2697 
27.0219 
27.8377 
25.9832 
24.4679 
30.8815 
30.0399 
27.4883 
27.7672 
27.3063 
25.3681 
25.2767 
26.7252 
27.0867 
26.4857 
25.4003 
27.6297 
28.1258 
27.0793 
27.9485 
31.2494 
30.8421 
28.5089 
27.7414 
29.7182 
28.2953 
27.5532 
32.6471 
30.8791 
30.4605 
28.5779 
27.9037 
25.5047 
23.7873 
26.261 
24.6924 
25.6359 
27.1015 
27.525 
25.4426 
29.2247 
31.4219 
29.6316 
28.6945 
27.0263 
24.9865 
26.0394 
26.3363 
30.7157 
27.1264 
27.6779 
32.5407 
34.803 
30.6337 
26.2717 
29.8943 
27.412 
26.2557 
28.3479 
28.7282 
27.0735 
28.1466 
26.9189 
29.8889 
27.2683 
24.976 
27.1933 
27.641 
26.6446 
26.1916 
25.7405 
24.3634 
25.777 
31.6873 
33.4391 
29.1256 
27.3732 
26.8911 
26.8386 
26.9013 
30.649 
30.8958 
32.7793 
30.8589 
31.7448 
31.3363 
29.2422 
28.0103 
28.8198 
26.2731 
27.4635 
25.0031 
25.4503 
25.8277 
25.3988 
25.8204 
28.6819 
25.6748 
26.0026 
26.7454 
24.6825 
27.5654 
28.4302 
31.2516 
28.8148 
26.7199 
29.9204 
33.7826 
27.6172 
24.6556 
24.6359 
25.5228 
22.3741 
23.7113 
25.1705 
24.3269 
25.1629 
32.2272 
29.2503 
29.9057 
28.3171 
24.5577 
26.4772 
26.6691 
28.9173 
25.525 
24.2888 
23.2651 
27.2951 
24.724 
23.8274 
23.1396 
30.1089 
24.7771 
25.4582 
29.709 
29.2161 
29.3794 
23.9484 
26.0522 
29.0112 
27.9762 
25.084 
27.294 
29.5896 
31.2984 
27.4459 
23.7265 
25.8221 
25.3776 
23.5615 
27.6702 
30.272 
24.7878 
26.1993 
25.1361 
27.5152 
26.3848 
25.6773 
27.9542 
25.0065 
26.0709 
28.9039 
24.977 
26.8595 
24.0779 
27.5265 
28.9985 
30.4826 
28.0935 
27.1555 
26.8681 
